<?xml version="1.0"?>
<opencv_storage>
<stereo_calibration>
  <CM0 type_id="opencv-matrix">
    <rows>3</rows>
    <cols>3</cols>
    <dt>d</dt>
    <data>
      7.3182436792985175e+002 0. 3.1577856032458175e+002 0.
      7.3182436792985175e+002 2.4229587060333981e+002 0. 0. 1.</data></CM0>
  <CM1 type_id="opencv-matrix">
    <rows>3</rows>
    <cols>3</cols>
    <dt>d</dt>
    <data>
      7.3182436792985175e+002 0. 3.1425642695131387e+002 0.
      7.3182436792985175e+002 2.4104080147155102e+002 0. 0. 1.</data></CM1>
  <DC0 type_id="opencv-matrix">
    <rows>1</rows>
    <cols>8</cols>
    <dt>d</dt>
    <data>
      2.2449234338643532e-002 4.9564256786373656e-001 0. 0. 0. 0. 0.
      1.1541007076779086e+000</data></DC0>
  <DC1 type_id="opencv-matrix">
    <rows>1</rows>
    <cols>8</cols>
    <dt>d</dt>
    <data>
      -1.5198756625418219e-001 2.2702714268430721e+000 0. 0. 0. 0. 0.
      6.9333919966360344e+000</data></DC1>
  <R type_id="opencv-matrix">
    <rows>3</rows>
    <cols>3</cols>
    <dt>d</dt>
    <data>
      9.9985961113438548e-001 6.1574038101216196e-003
      1.5583465613094181e-002 -5.7336305202657402e-003
      9.9961645000419341e-001 -2.7093880528098722e-002
      -1.5744316538118325e-002 2.7000727014895535e-002
      9.9951141926313913e-001</data></R>
  <T type_id="opencv-matrix">
    <rows>3</rows>
    <cols>1</cols>
    <dt>d</dt>
    <data>
      -1.0007754517064793e+001 2.1824954046140732e-001
      -1.4729333056396079e-001</data></T>
  <E type_id="opencv-matrix">
    <rows>3</rows>
    <cols>3</cols>
    <dt>d</dt>
    <data>
      -4.2807153848763765e-003 1.5312973247076550e-001
      2.1415216003922344e-001 -3.0483790717282194e-001
      2.6930970323253411e-001 1.0000569580436641e+001
      -1.6083813391763102e-001 -1.0005259893413733e+001
      2.6774782103103989e-001</data></E>
  <F type_id="opencv-matrix">
    <rows>3</rows>
    <cols>3</cols>
    <dt>d</dt>
    <data>
      -2.9503340775324593e-008 1.0553933802468284e-006
      8.3374930741441820e-004 -2.1009891683831867e-006
      1.8561233892452416e-006 5.0655036431057308e-002
      -2.9554684590980427e-004 -5.1244042961200061e-002 1.</data></F>
  <chessboard_size>
    10 7</chessboard_size>
  <chessboard_square_size>2.4000000953674316e+000</chessboard_square_size>
  <rms>8.9496155223290874e-001</rms>
  <avg_reprojection_error>1.3508284605942764e+000</avg_reprojection_error></stereo_calibration>
</opencv_storage>
