<?xml version="1.0"?>
<opencv_storage>
<imagePoints0>
  158 422 410 329 601 72 55 314 225 318 259 265 280 231 400 267 169 286</imagePoints0>
<imagePoints1>
  126 424 387 329 591 68 31 316 203 319 243 265 268 231 384 267 150 286</imagePoints1>
<points0>
  -4.28760872e+001 5.64960938e+001 2.02218231e+002 5.00344391e+001
  3.81231232e+001 2.81347107e+002 3.06293457e+002 -1.69605118e+002
  6.47098328e+002 -1.00132919e+002 3.02776470e+001 2.69624298e+002
  -3.18765068e+001 3.48503838e+001 2.94135620e+002 -2.25563602e+001
  1.47571173e+001 4.04436462e+002 -1.25555153e+001 -8.68896103e+000
  5.39248596e+002 6.56674957e+001 1.60085201e+001 4.04436462e+002
  -6.64163895e+001 2.34920750e+001 3.40578064e+002 -9.29095154e+001
  1.08927221e+001 3.59499084e+002</points0>
<points1>
  0. 0. 0. 1.20000005e+000 0. 0. 2.90000010e+000 1.20000005e+000 0. 0.
  0. 1.20000005e+000 6.00000024e-001 0. 6.00000024e-001 1.20000005e+000
  0. 1.20000005e+000 1.79999995e+000 0. 1.79999995e+000 1.79999995e+000
  0. 6.00000024e-001 6.00000024e-001 0. 1.20000005e+000 6.00000024e-001
  0. 1.79999995e+000</points1>
<transformMatrix type_id="opencv-matrix">
  <rows>4</rows>
  <cols>4</cols>
  <dt>d</dt>
  <data>
    7.3606252618297740e-003 1.1733582097364578e-002
    5.9452654200091107e-003 -1.2116069988199891e+000
    4.5172700606473993e-004 -7.4534803819365295e-003
    -1.3297952592033772e-003 6.5799889150919155e-001
    -7.2727921774233617e-003 1.3551657273729121e-004
    5.0137275093141195e-003 -9.9378172392787401e-001 0. 0. 0. 1.</data></transformMatrix>
<imageOriginLeft>
  0 0</imageOriginLeft>
<imageOriginRight>
  0 0</imageOriginRight>
<cameraOrigin>
  0. 0. 0.</cameraOrigin>
<worldOrigin>
  0. 0. 0.</worldOrigin>
</opencv_storage>
